-0.29956695091187113 -2.587336247862364
-1.0630269512438542 1.4606621278699359
0.9879103603117219 0.6043711576624797
1.07818296836873 0.03220615640220409
-1.5883706192436058 3.579317589731308
-2.044637587693693 -2.953147503941465
-0.691508673522469 0.6778898968773702
0.3219049789737724 0.6460499139433474
2.219921304078195 1.0215405419916865
1.7060208729197641 0.9476903297305278
0.19763023923466494 0.4449498385793795
-2.066470345790552 -2.3570395154478856
-0.06354832554430836 0.14864571030579746
3.1730393017596192 0.898496337663433
4.113330647092464 0.5216421292878604
-1.1683744610720506 3.8172077930621153
0.01581765764084947 -1.7157175980681405
3.4497213362675865 1.0977587657542436
-1.8602812952857006 -3.1364718565445924
-2.0825277526385078 2.3378742560436105
-1.2723910699132606 -3.1301627382576607
0.48605077935415214 0.035399034368007926
-1.708418835121683 -2.1667621600315314
4.0181525212083065 0.02087922391093491
-1.9533598405072192 2.3289835580146616
4.04988162304639 0.43942754731991757
3.4817064392841472 0.8529882855293152
0.35693515398038433 0.6064846609158964
-1.4325712051908326 -3.4010852823729927
-0.5382254279693652 3.4163173400866667
-0.5469573328217514 -0.4339548287612105
4.297422991433934 -0.019551103097855516
-1.3759476868624585 -3.329590088827381
2.2966940286638406 -0.41273379131855087
-1.7536320689586862 2.2305563548448264
-1.7511103830540373 2.413302052211294
-1.0710900883512031 3.5497329658644476
-1.5678867523454918 -3.423684227925342
-0.8332248074186074 -0.6428389730893753
-1.6339076275165283 3.7583158455717
-0.6377966549686926 -2.6246702641443025
-1.057956872458679 -0.9817169512818411
0.053613697750271555 -1.5362854417957024
0.26553878101932804 -0.9889912584818834
0.7446218227398881 -0.06341754175873104
-1.6015705780360732 -3.501682909758035
1.3651161451430518 0.9731884939469451
-1.0845403500317985 -2.9281138608980974
3.0742496000509183 1.188199799377114
-1.6060192476888993 -1.8312056159492114
3.610958412967036 0.8064501672730696
-0.18866499120725594 -2.539387387728921
-1.8271370499163644 -2.87656679684835
4.024999707553126 -0.14262913004362288
4.248240871245808 0.1726583229161276
-1.7663914948175243 3.2264163969179656
1.6615555344183373 1.0436550447428032
3.8996265155212546 0.5439013887621578
-1.1443025538978908 -3.058573950574854
-2.0499524850146527 -3.185622705377525
-0.4575058396895603 -2.5769672835484765
3.8435566589571724 -0.1938975279498536
-1.7185420302196777 -3.2493000676231936
-0.6694832502442273 2.80087662059824
-1.5045032588692604 3.7084728023141134
2.427708394456856 1.0090804037354388
-1.2319840965842743 3.7449632968650577
-0.2349166069366977 -1.8737999027850614
3.8921658542440314 -0.4965835755779802
1.3332295660567466 -0.1156605951454307
-1.1524522184500483 1.2771270129028398
-0.6817887805171639 3.344722993613475
1.7745285308665564 -0.3894820051278713
-0.713311174225937 -2.7078308204015964
-0.8582830699888773 -0.4853586795821485
2.681384607508542 0.7682534961323568
-2.130255539662521 2.621746692538452
-0.10797884842552574 -1.9029306530769199
-1.7741945965423485 -1.881167313729673
2.2872801955520163 1.1927016495945613
-1.447678568450775 -3.1870757127854454
-0.24547815282936736 -1.4895890259810245
-1.1252528860666393 -3.21923495493495
-1.2021772919022824 1.5818931783897527
0.16323358637346694 0.7917787179311322
-1.6553216754370916 -1.5169479769878325
-0.3974763552949494 -2.552270627488699
-1.5298634022851445 1.9876474442281842
0.47577793908931015 -0.10789577323956068
3.336169548113614 -0.6279290708371444
-0.0356494346581166 1.2283605904526094
-0.2472526511150746 0.7058139479723708
-1.3392349113010755 3.606885860874595
1.0217331128411642 0.6133326820005656
-2.1716768114418237 3.025345054892214
3.6971225685597777 1.0163699345364796
-2.0507190877376043 3.349006708442233
0.09921912934739477 0.09945738010892231
4.24793372072573 0.4032543661591993
-0.17927619144717832 -1.509472466412444
3.9320797374737544 -0.05011894016903534
-0.06956042678448437 2.166680262796523
-1.973436885538701 -2.253767320179562
-1.554531941858625 -3.396936681232885
-0.05429924098720357 1.8543166834757405
1.286768093419099 -0.3962250443270446
4.081862423542985 -0.33451390545075593
-1.7289938826943443 -2.924184497416748
1.0527959616402538 0.48055898173010714
-0.7478840706772897 1.0384961141159064
-2.021219082241037 2.2866246258087974
1.5147016872324843 0.6139553988203397
0.0661923646513673 1.0677574359660813
-0.7672354052854471 -2.9958461101102083
-0.2462093818204032 2.5340968050795754
0.08033782731713729 2.0880661108855945
0.35464121192333387 -0.9853252253378331
-0.8530281285208114 0.6415563966757285
0.34510945069647836 1.02884857137936
-2.1020032646899103 2.498794216015006
-0.16140138444421398 -2.484520147241019
-0.9372033606754795 -0.8979541193037877
-0.5513221440892808 -2.756176973975959
-2.0919237182065995 -3.0081395502668076
4.123719310060752 0.060022391035907674
-1.1875885287629824 -3.0930175998730376
-2.080729422838482 -3.3788549949319573
-0.4175479032708411 2.923934391619882
4.355152798095098 0.1486372219407087
-1.0690303357762292 1.2903282320986453
3.820648668339927 -0.45636896661499643
3.868897483159107 -0.268416349594039
-2.097303144585555 -2.758590980494139
2.551905206110112 1.120930984739821
3.6068181795346357 0.7769395799001895
4.108022891736648 0.13080476232895025
-1.9386692252038342 3.0997474591700014
2.904711979190232 0.8726216613007403
0.18304005071776516 0.6092093219067327
1.3901090376224727 -0.19709500542743208
3.9232802261751747 0.4499885737584091
-0.15142061492327347 -2.477970464054999
0.23071385434768163 0.6543860987157009
0.35491943015256505 1.1152049333887615
4.300548687809771 0.14753765851282774
1.6063543714024908 0.7615623057077086
-1.329651693868958 3.7382224030936593
4.088488973319022 0.8183241911818875
3.3613023844044982 -0.6406308758375763
-0.3292167005908101 0.7537782309128681
-0.3133576020110268 0.3563733262107375
0.04591878658204306 0.3488958909965772
0.11274339474471018 -1.5000027993875888
2.0028194595162283 0.8107807643754588
-0.27366738556783504 -0.070772747658641
3.6420051862530602 -0.42929276777353137
2.9093443441993365 -0.4282489502556142
0.7558897015171149 0.6849092997724135
2.2714962598120354 1.1118862560341372
0.025063639294378923 1.4186589234955687
-0.49187238874868133 -0.2866203273372513
-0.4665469379006767 2.986402195189014
-1.3627531510014292 1.93334780479521
0.30268775555707494 0.20199280718201756
-1.8201644292301795 -1.8334421873400117
3.816542121077648 0.727305626285718
-1.6271482502435397 -3.499758806928223
-0.5760945496126851 3.211828385280131
-0.44811544595547936 2.903754806002598
-0.7107314439779135 -2.957882230134045
0.10753193429224261 1.9366714438263162
3.155389121966105 -0.3466470596989098
-1.6449154967414876 -3.086133306642581
3.244988427658441 -0.26574182218191006
4.099787675474383 0.1209795094704504
4.103609613282456 0.02622821272632217
0.21744223308912367 -0.8412096355450849
-1.5363890816270334 3.891104865171099
-0.02715841866076235 0.4873645733395889
4.446798383650921 0.033812971536149636
-2.1814396864292767 -2.858626176062108
-1.755866011508536 2.843006707230174
-0.8729371209748364 -0.6037553603625072
3.9784856673597013 -0.25907984952320723
-1.7781674520542845 -3.1910750492980577
-1.8688971478144154 2.3754862042954037
-0.6052140864925724 0.5681319541358303
3.9637135077987216 0.4776062157956555
3.6265181294607967 -0.45529999712963587
2.645647402366582 -0.4903733033750012
-1.6688158939651954 2.3215334692910767
-1.735888709123767 -2.9854506710792443
4.082023953245975 0.8778299680407826
-1.0648208772811145 3.500722087777052
4.380414971396654 0.39690490168028286
3.6023071066016605 0.8533280603768295
-0.35324581412730405 -1.8225383206870782
4.459479125212879 0.2973343677528545
-1.512642837987876 -1.2610346542534252
-1.2168529210761905 1.381951923769087
-1.5357731462256368 -1.1601629459419973
-1.073323852531839 -3.32274002288705
-1.987478798692635 -2.5807233328630663
0.23250173856820583 -0.656198095256658
3.3517842969409846 -0.38951728903880545
-1.8200928393124047 -2.820731430361195
0.691282672439183 0.11777364008531926
-2.0673832058259407 3.418830866077014
-2.223401071429759 -2.874296614149735
-1.4604459246769204 3.9809449885648593
0.20189718317518707 0.718474693860909
0.1881018010160199 -1.0470713468334152
-1.784709048885833 2.471980399667941
-2.206262572638347 3.1740264707510413
0.051358685693356554 0.2537304927358519
0.416784622442598 0.17796443054296346
-0.24124258246511698 2.148801982284702
-1.8929724862881032 3.4140203116004133
-0.1057378119918077 0.5372795448312632
-1.2094871780027405 3.589896083287828
-1.440379751642912 1.670806442441295
2.763110491973559 -0.6370765381168523
-0.10892844145768332 -2.254474878006615
0.08477218734382858 -1.7260546161541965
-0.20167808743482973 -2.04534461955154
-0.09312878628146623 1.7648655116617298
1.44170334599627 -0.14915502890005933
2.4464251997206325 1.0718342205550118
3.0623394697129167 -0.5781552421840871
-2.0645694173084848 -2.368535619096769
-1.6377986874929324 1.72011262330294
4.050352209627964 0.4123324500347496
-2.1354074635058757 2.9741201838885725
3.089271891173624 0.9488989108418028
-0.324541223936853 -2.1583773846166494
-0.952168733527659 -3.279311682743365
-1.7975590302360498 -1.6295391880928753
-0.4336198106315871 2.2845109523558125
-2.2271628863604427 3.230158244805707
-0.5588409994429739 2.666875798068103
-2.0174284654126247 -2.5969888180823344
-1.7358945232244054 3.5451627979530045
-1.9954664889557097 -2.5287135737956588
-1.9397518423117666 2.6048804489261004
-0.3137935371804296 2.19376046138972
0.3549094449815797 0.33537145226233456
4.0861462973522515 -0.06399092060864675
-2.0792667708589043 2.837123583902196
-0.4982339085588677 0.7418570409203128
-1.7073755565043802 2.437677657911261
2.852655648486933 1.0833381947972702
1.3053389106824256 0.7719893032488829
-2.062326091181617 -3.088229227949579
4.150473512852387 0.0380723573132154
-2.1234526421002906 -2.9090133092156556
1.8064334822387251 -0.20723746725756342
4.341795529336656 0.6413394811415103
-0.2593346779296715 -1.723135807457525
0.3126775109287458 0.2295957051582093
-1.4284535979539883 3.5331815888738394
0.32878818414833044 -0.235495058220288
0.2927358228704604 0.02873796760175157
-0.23424185935916947 -1.6415858063052604
-1.3054618718078128 -3.3448278530210627
-0.17133322972799198 2.7625072346951196
-0.6906615787001873 -2.43538188566645
-1.8261912254005488 -1.58162107821541
3.3886825385256185 -0.390599369427179
3.009157243672562 -0.27749045069875306
-1.6910618671156818 -3.1226819475282586
3.8228043910358345 0.5550491237363968
-0.03717238952400098 -0.20349993856012835
2.3329253664401506 -0.31341101222816253
0.08544806809509994 -0.12432826813534417
-1.4972547149748743 3.537761304483769
-1.5817493154593012 3.9578295189522295
3.3783047238018677 -0.502219374170106
-0.6338591115385348 -0.46464604738069626
4.269790750801952 0.8141795449521976
-0.3535843597601236 2.362642189746619
0.3558819363826045 -0.7556860783997228
-0.5388654856517918 1.0270760016427998
-0.20078168770937466 2.2618009615576744
1.7345247056568227 0.9994311235791978
-1.7575609921339124 -3.1950758186390846
-1.922389561480794 -3.013517132563738
3.8563985505867078 -0.4523478726740711
-1.2503547221931461 3.6811818816151587
-1.1537746890401286 1.7054585327556915
3.6717480107506244 1.0197460155481821
3.945726802819114 0.6988841080591197
-0.26151564738006317 2.2810615764338253
-1.8182908934120188 3.613176491421354
3.4415293503037354 -0.39943369883626817
-1.4806039069115824 -1.4648826769100334
-1.7737672755115557 2.6387230331892044
-1.7293876634246894 2.420318868275065
-1.1048515723867764 3.6798102717191634
-1.015072056893965 -3.2706721968406485
4.015053119525088 -0.27657931604532243
-0.6743245000954418 -2.5025123168350607
3.929612403109262 0.30654133481240375
-1.62445179923961 -1.6474574526125174
-0.24282635853261747 2.0162913396136473
-2.0210244778946986 -2.5436132414467116
-0.9140057194497135 -2.500707950425542
2.816090876473548 1.1179454003158313
-0.772490899795046 -3.2378458858246555
3.0044671857497107 -0.42048324363643785
0.18088139318260216 0.27747093931934186
-0.2141408435221392 -1.96142364760058
0.4444418806388616 0.6012718479845283
-0.8754791427426383 0.9502690472957322
-1.7535833842041946 -2.2833027571672946
1.2106575431626094 0.4528360096447314
2.3188845099969377 -0.6086279896612519
-1.760459997561662 -2.205454427199914
-1.614811118713342 2.2497534081590937
-0.3610656740502364 2.6445356204990107
-0.41367349650171253 2.691213924187589
-2.187910598371783 -2.5356924682974715
3.4408540013192903 -0.3857629702037329
1.6816228238922728 -0.26965010982139354
-0.39672439166987705 -0.2185386332049033
-2.2146757835401525 -2.473173515833669
-1.763467240358746 3.4468692987938274
1.456291519361129 -0.03953058149260591
0.4954599980711757 0.12885077385888888
3.301693433988289 0.9552366451570706
4.371308356208706 0.42532456962558624
-1.7223955385725978 -1.5642506743513487
4.396507946229332 0.06910810803935434
-0.8075895573012855 -3.0492414595235844
1.9559497763441822 -0.6508174462792892
-0.7372944424594541 3.4410081586484385
0.35629522666234004 -0.9060429037356097
-0.08953413371482793 -0.13157951080466396
-1.9811139155339976 2.3753021809395927
2.726926174873471 -0.2966785530440826
-0.9445086273200878 1.1981246703910537
-1.8547586157073588 3.358599710745893
-1.93502825822265 2.12070705779491
0.4082300121823212 0.03246515623640776
0.3798990910753228 0.27358016448994193
-0.3917149972786195 0.21133848047362946
-2.009043152868487 -2.5637024809275277
-1.7460651807424703 -2.091339504156808
4.264187981476106 0.03593697289751385
3.9474223860167066 0.9989702670987091
1.435655427526428 -0.020384962452997923
-1.0563101095010778 -2.9343598987493977
1.9493077257190514 1.0077637798725192
-1.7502730393966814 -2.291431864945418
-1.818796780809897 -2.5998326942194234
-1.8589433106595292 -1.8507036152400715
3.6271190183452124 -0.16245670116261895
0.13054584567096758 0.13098633308231028
-0.2779512026816821 -0.39595052524035673
3.1935533028125525 -0.21684338803631054
-0.13042220642211547 -1.402791233991771
-1.688687389531489 2.3351047117122903
-1.9261934821358402 -2.8214976710426276
2.942509910862022 -0.5366305059574905
0.04621283406326038 2.306800010888101
0.9055571115594321 0.6017808897179544
-0.007020577879748413 -1.852960792082484
4.2465241494160075 0.5663109262820258
-0.33821472840585143 0.07253312730183625
-1.5433393842919794 -1.8365201243470697
-1.858223924996074 -3.175805102461246
3.3384128222346225 1.1177062420888344
-1.6923111769552202 3.364844220495173
-0.13466314326170165 2.3952622094335054
-0.4402338223200175 2.359421342048387
-0.8929022976617024 3.4516326126013324
0.26548696505256864 0.039796368243273594
-1.1689529136783041 3.7559745233713002
-1.933726347354507 -2.3998291062626134
-1.407670756302401 -1.1001667865071907
3.7271403103379486 -0.3665619885475887
1.9003935078227758 -0.47680167391445455
-1.802854446820777 -1.9999895721199497
-1.790739022391513 3.5732965214280017
-0.30333550540418663 -2.0743150798404106
-2.036983625020313 3.341338325691072
3.9385301760746714 0.09819801895746305
0.20746644372291867 1.7441018652526976
-1.2532347750229769 1.4840182813345957
3.064701879098404 -0.6291279892273363
-0.23922851460406747 -2.2523205277216163
-0.26021761005170974 2.913813410131579
-0.43803427091974056 0.8585499642778053
0.43715781519397634 -0.08866753437526675
-1.8909527868171099 3.516928830728196
-0.16839590346599032 2.330429991676345
4.3752689789477515 0.5592529747367407
-0.10997335545900677 -2.0624324904750786
-0.03586792026881713 -1.5961674957136558
-1.754711828076625 2.782321274978912
4.111446272495876 0.11828841837000709
1.694135136844279 1.0414918696436595
-1.7713334841440156 3.023134593501844
-1.17002153808192 -3.2734922801643314
-0.931997620573394 3.3772399465058425
-0.4760679618440424 -2.735615790653964
4.194372303643672 0.4426512382327589
-0.642477432579752 3.3111083303250246
-2.2121076459017006 2.8311244924250274
4.3357206312479555 0.17802618560922395
-0.3523068864999731 0.7948086155393901
-2.038062913093281 2.8966387722495957
-0.018836759764288294 -0.4333840526405906
0.2819464775121864 0.48225919681279567
-0.44487074631891266 0.7445382798829665
3.6952951746048557 -0.14612874672961756
-0.4329577828756414 -0.238372349462334
-0.19766247065059322 -2.0881410933086375
2.8091536946317137 1.0142462182466567
-1.7234570912826994 -2.724189250809568
-1.9931099089539304 2.646950206300469
2.7373352811027942 -0.3142266198112238
-1.4436757756136875 3.5412335308027583
3.7630491242936355 0.9477948912845764
-0.8232934935993268 -0.6459752081845797
4.220726328104364 0.36364334039323476
-1.7026270165638095 3.631283335961322
-1.2195031734534414 -3.3001614883762738
-1.5660668329503138 1.8023744522244651
-2.188829095614747 -2.3878555634453886
-1.533106453011444 3.574732770971671
-1.246579777753722 3.8986665959299875
-1.9624742820494432 -2.35673432634283
-0.9441136640692789 -0.2966328581606393
2.2227939756312316 -0.6312844605490608
3.023339038024123 -0.3595277808697747
-2.013277579909596 -1.773264903391913
-0.726736715404531 1.1884012097615932
-2.0545325293666568 2.424135832095948
2.9433611589771758 1.0302746774331333
-2.0456118617222225 -2.6856188768202713
-0.13240690647771108 -1.2309657823206674
-1.5422985220696268 -1.1233339608244872
0.448401646503992 0.21907011280910085
0.2361808486267142 -1.4550231746123041
2.6809203415273686 -0.43580045496656206
0.20115604723776706 1.297587057954888
-1.7926108935569842 -3.003627129082776
-0.34740026120714385 0.032356826327932575
-1.2680347334689488 -3.3611366707690435
2.8109983559794216 1.2040608607002823
-1.384601557086249 3.603078449622128
-2.242748899425939 -2.768718560467325
3.643008668805524 1.0268875387092282
3.997012535057558 -0.22011373315069183
-1.526575346075736 -2.999892072268353
-0.3702251624836601 -0.43405307637766
3.169468598616176 0.8601079409892093
2.874905173219051 1.0800985912610466
1.172475376967272 0.6979171956203263
-1.5951152548695806 3.717649842613097
3.834986131946309 0.9319419128062907
0.4872963400210308 -0.13006730154547688
-0.9456413730329702 3.636469539432082
0.14713973943605113 -1.7073395311433024
0.42067251186913407 0.28756867158770416
-1.7910219114048638 -2.3906611457569893
-0.3748560252751044 -2.4835558660027988
-1.328138303250164 -3.3062564082721573
0.8249378446209867 -0.34546191545633453
-0.18018986870422998 1.7114496956904983
1.5560283589664614 0.8729019773405053
1.6095152498236525 0.816890065392182
-1.8027226730707884 2.8801648587483917
4.470600115891201 0.19362956911471
-1.1716605575003753 -0.8462792174898262
3.3013688586856644 0.7884476750610785
-1.5746885059829254 1.965097896170973
4.152403610767127 0.8445556888635839
-0.253462444318502 2.6296159870313143
-0.8556092783211655 1.2696272648822007
0.15846038396597228 -0.4647297840578001
-1.645069386199927 3.7086075285447655
1.0452530921980916 -0.15946002362348027
-0.4024721539843902 2.528582069334864
0.7634635649080344 -0.12115586074552648
4.434663987686249 0.1908016289819659
2.864331031913405 -0.6680967445087641
2.818597290004218 1.2260048707852693
1.133890452417667 0.8873998850025748
-1.9350439870335725 2.1954890451321782
-0.3075370688982732 -2.3436097095305373
-1.0454748020472238 -3.0820252140359536
-1.468380183950793 -3.133652851440599
2.9417542545466304 0.969037927382903
4.311713750450201 0.1937917148476091
1.6080321102438522 -0.39600776605884996
-1.0137082365555257 -0.8827083389136794
3.0968911403882897 0.9223766425875786
0.5045872774725718 -0.0863377627755853
-0.08212974945045068 1.3175467297958825
